346190 0.46579 1.164E-04 1 
346191 0.17647 2.161E-04 1  
346192 0.17647 2.161E-04 1  
346193 0.47297 4.013E-04 1  
345120 0.43353 1.495E-03 1  
345121 0.16609 2.7757E-03 1 
345122 0.16609 2.7757E-03 1  
345123 0.45043 5.154E-03 1  
345211 1 3.3598E-05 1   
345212 1 3.3618E-05 1
345217 1 5.3618E-05 1
345053 1 1.7555E-04 1
345054 1 2.7863E-04 1
345055 1 7.6107E-05 1
345057 1 5.8033E-06 1
345697 0.053042 3.3528E-02 1
345698 0.15046 3.3530E-02 1
345699 0.18977 3.3516E-02 1
345835 0.15606 2.7411E-05 1
345836 0.1446 2.7400E-05 1
345915 0.1413 1.3943E-06 1
346327 0.1503 3.3751E-02 1
346328 0.15045 3.4010E-02 1
346343 1 2.3844E-04 1
346344 0.43844 5.2458E-04 1
346345 1 5.4667E-05 1
346527 0.16611 2.8302E-02 1
346528 0.16604 2.8302E-02 1
346529 0.16544 2.8303E-02 1
346530 0.16517 2.8303E-02 1
346531 0.16414 2.8301E-02 1
346532 0.16401 2.8301E-02 1
346562 0.45022 2.8306E-02 1
346563 0.44951 2.8306E-02 1
346564 0.45307 2.8302E-02 1
346565 0.17656 3.7488E-03 1
346566 0.17671 3.7487E-03 1
346567 0.17727 3.7488E-03 1
346568 0.17654 3.7488E-03 1
346569 0.1754 3.7485E-03 1
346570 0.17539 3.7485E-03 1
346571 0.4741 3.7493E-03 1
346572 0.47284 3.7493E-03 1
346573 0.47543 3.7487E-03 1
363355 0.27991 1.5558E-02 1
363356 0.14158 1.5564E-02 1
363357 1 6.7964E-03 1
363358 1 3.4320E-03 1
363359 1 2.4703E-02 1
363360 1 2.4721E-02 1
363489 1 1.1420E-02 1
363494 1 6.0303E-04 1
364100 0.82152 1.9817E+00 0.9751
364101 0.11319 1.9822E+00 0.9751
364102 0.065853 1.9818E+00 0.9751
364103 0.68985 1.0907E-01 0.9751
364104 0.19451 1.0899E-01 0.9751
364105 0.11735 1.0903E-01 0.9751
364106 0.61205 3.9892E-02 0.9751
364107 0.23347 3.9847E-02 0.9751
364108 0.1557 3.9888E-02 0.9751
364109 0.56063 8.5220E-03 0.9751
364110 0.26621 8.5194E-03 0.9751
364111 0.17666 8.5301E-03 0.9751
364112 1 1.7870E-03 0.9751
364113 1 1.4760E-04 0.9751
364114 0.8212 1.9828E+00 0.9751
364115 0.11367 1.9817E+00 0.9751
364116 0.065697 1.9819E+00 0.9751
364117 0.69362 1.1071E-01 0.9751
364118 0.1913 1.1047E-01 0.9751
364119 0.11587 1.1053E-01 0.9751
364120 0.61591 4.0645E-02 0.9751
364121 0.23268 4.0674E-02 0.9751
364122 0.15352 4.0680E-02 0.9751
364123 0.56429 8.6716E-03 0.9751
364124 0.26616 8.6698E-03 0.9751
364125 0.17632 8.6801E-03 0.9751
364126 1 1.8089E-03 0.9751
364127 1 1.4881E-04 0.9751
364128 0.82105 1.9826E+00 0.9751
364129 0.11359 1.9819E+00 0.9751
364130 0.065773 1.9820E+00 0.9751
364131 0.69313 1.1072E-01 0.9751
364132 0.18905 1.1046E-01 0.9751
364133 0.12001 1.1068E-01 0.9751
364134 0.61697 4.0756E-02 0.9751
364135 0.2342 4.0710E-02 0.9751
364136 0.15494 4.0741E-02 0.9751
#364137 0.5643 8.6754E-03 0.9751
#364138 0.26759 8.6758E-03 0.9751
#364139 0.17615 8.6788E-03 0.9751
#364140 1 1.8075E-03 0.9751
#364141 1 1.4821E-04 0.9751
364215 1   0.498529E-03  1
364214 1   2.74057E-03   1
364213 1   5.40587E-03   1
364212 1   43.8705E-03   1
344782 1   4.34706E-03   1
344781 1   3.70999E-03   1
344780 1   0.198629E-03  1
344779 1   9.2014E-03    1
344778 1   7.74719E-03   1
344776 1   0.475417E-03  1
344775 1   119.22E-03    1
344774 1   103.012E-03   1
344772 1   48.8931E-03   1
364141 1   0.144568E-03  1
364140 1   1.76279E-03   1
364139 1   1.49124E-03   1
364138 1   2.23606E-03   1
364137 1   4.76891E-03   1
#
364156 0.82465 1.9151E+01 0.9702
364157 0.13074 1.9145E+01 0.9702
364158 0.044904 1.9143E+01 0.9702
364159 0.6743 9.4589E-01 0.9702
364160 0.24357 9.4612E-01 0.9702
364161 0.084682 9.4495E-01 0.9702
364162 0.60009 3.3973E-01 0.9702
364163 0.29256 3.3978E-01 0.9702
364164 0.1108 3.3968E-01 0.9702
364165 0.54766 7.2084E-02 0.9702
364166 0.32016 7.2103E-02 0.9702
364167 0.13137 7.2063E-02 0.9702
364168 1 1.5008E-02 0.9702
364169 1 1.2349E-03 0.9702
364170 0.82467 1.9153E+01 0.9702
364171 0.13102 1.9145E+01 0.9702
364172 0.044782 1.9143E+01 0.9702
364173 0.67481 9.4569E-01 0.9702
364174 0.24414 9.4637E-01 0.9702
364175 0.085114 9.4552E-01 0.9702
364176 0.59858 3.3975E-01 0.9702
364177 0.28805 3.3980E-01 0.9702
364178 0.11088 3.3970E-01 0.9702
364179 0.54829 7.2077E-02 0.9702
364180 0.31969 7.2105E-02 0.9702
364181 0.13865 7.2077E-02 0.9702
364182 1 1.5050E-02 0.9702
364183 1 1.2344E-03 0.9702
364184 0.82462 1.9155E+01 0.9702
364185 0.13168 1.9154E+01 0.9702
364186 0.045076 1.9152E+01 0.9702
364187 0.6756 9.4558E-01 0.9702
364188 0.24245 9.4649E-01 0.9702
364189 0.083903 9.4587E-01 0.9702
364190 0.59884 3.3969E-01 0.9702
364191 0.29032 3.3984E-01 0.9702
364192 0.10575 3.3968E-01 0.9702
364193 0.56172 7.2078E-02 0.9702
364194 0.31863 7.1990E-02 0.9702
364195 0.13597 7.1944E-02 0.9702
364196 1 1.5052E-02 0.9702
364197 1 1.2342E-03 0.9702
364250 1 1.2517E-03 1
364253 1 4.5723E-03 1
364254 1 1.2502E-02 1
364255 1 3.2357E-03 1
364288 1 1.4496E-03 1
364289 1 2.9599E-03 1
364290 1 1.7154E-04 1
410464 0.44037 7.1143E-01 1.1691
410465 0.10717 7.1202E-01 1.1681
410466 0.45261 7.1138E-01 1.1692
410470 0.54382 7.2977E-01 1.13975636159
410471 0.45621 7.2977E-01 1.13974074379
410480 0.43852 7.2974E-01 1
410481 0.45622 7.2974E-01 1
410482 0.10545 7.2974E-01 1
410557 0.43853 7.3014E-01 1
410558 0.10547 7.3015E-01 1
410559 0.45624 7.3015E-01 1.1392
410644 1 2.0267E-03 1.0170
410645 1 1.2675E-03 1.0167
410646 1 3.7935E-02 0.9450
410647 1 3.7905E-02 0.9457
410658 1 3.6995E-02 1.1935
410659 1 2.2173E-02 1.1849
346230 1 6.0372E-05 1
411170 1 3.53336E-04 1
411171 1 3.53473E-04 1
411172 1 1.69813E-04 1
411173 1 1.69877E-04 1
411174 1 3.53336E-04 1
411175 1 3.53365E-04 1
411176 1 1.69813E-04 1
411177 1 1.69813E-04 1
412098 0.42715 6.3345183E-05 1  6.2*0.3259*0.0627/1000/2  
412099 0.34913 0.00013102482 1  6.2*0.6741*0.0627/1000/2   
412100 0.56858 9.1952685E-06 1  0.9*0.3259*0.0627/1000/2   
412101 0.49398 1.9019732E-05 1  0.9*0.6741*0.0627/1000/2   
412102 0.42815 6.3345183E-05 1  6.2*0.3259*0.0627/1000/2   
412103 0.34851 0.00013102482 1  6.2*0.6741*0.0627/1000/2   
412104 0.57055 9.1952685E-06 1  0.9*0.3259*0.0627/1000/2   
412105 0.49451 1.9019732E-05 1  0.9*0.6741*0.0627/1000/2   

